1:ItNr	2:Metric	3a:Time	3b:StepSize	4:||Gradient||	Time[ms]
0	-0.316631	0.000000	16.673364	0.006302	276.2
1	-0.335639	0.000000	16.673364	0.005596	1.0
2	-0.330025	0.000000	16.673364	0.007979	1.0
3	-0.338716	0.000000	16.673364	0.005983	0.9
4	-0.330928	0.000000	16.673364	0.006278	0.9
5	-0.319252	0.000000	16.673364	0.004071	1.0
6	-0.328245	0.000000	16.673364	0.005748	1.0
7	-0.336294	0.000000	16.673364	0.005246	1.0
8	-0.327700	0.000000	16.673364	0.005772	0.9
9	-0.343126	0.995758	15.918554	0.009805	1.0
10	-0.320079	0.479924	16.300833	0.003367	0.9
11	-0.338229	1.479563	15.575954	0.005772	1.0
12	-0.326003	2.441142	14.937013	0.005560	0.9
13	-0.355967	1.925395	15.273047	0.006409	1.0
14	-0.309563	1.414210	15.621370	0.006427	0.9
15	-0.354921	0.898509	15.989246	0.007073	0.9
16	-0.333686	0.529232	16.263499	0.012116	1.0
17	-0.332301	1.516201	15.550610	0.006249	1.0
18	-0.333655	1.000368	15.915218	0.008265	0.9
19	-0.326180	0.484821	16.297117	0.004021	0.9
20	-0.322718	0.000000	16.673364	0.005761	0.9
21	-0.306889	0.000000	16.673364	0.003080	1.0
22	-0.313704	0.000000	16.673364	0.004711	1.0
23	-0.334766	0.970991	15.936498	0.008026	0.9
24	-0.314352	0.455159	16.319648	0.005407	0.9
25	-0.342107	0.000000	16.673364	0.007461	1.0
26	-0.349127	0.000000	16.673364	0.005030	1.0
27	-0.321291	0.000000	16.673364	0.007059	0.9
28	-0.334614	0.000000	16.673364	0.007696	0.9
29	-0.342555	0.000000	16.673364	0.004391	0.9
30	-0.326336	0.000000	16.673364	0.008791	1.0
31	-0.330812	0.999974	15.915503	0.008429	0.9
32	-0.312179	0.484986	16.296993	0.008331	0.9
33	-0.347974	0.000000	16.673364	0.010118	1.0
34	-0.331146	0.996829	15.917779	0.007098	0.9
35	-0.345291	1.564594	15.517259	0.008124	1.0
36	-0.349576	1.066927	15.867214	0.008750	0.9
37	-0.351543	0.551094	16.247001	0.007510	1.0
38	-0.338387	0.035507	16.645221	0.010161	1.0
39	-0.341296	0.000000	16.673364	0.004433	0.9
40	-0.324293	0.000000	16.673364	0.005106	1.0
41	-0.320656	0.000000	16.673364	0.004385	0.9
42	-0.342521	0.000000	16.673364	0.004658	1.0
43	-0.328543	0.959351	15.944945	0.007523	0.9
44	-0.324911	1.959346	15.250463	0.006902	0.9
45	-0.341708	2.959344	14.613950	0.009066	1.0
46	-0.323081	3.941992	14.038199	0.004427	1.0
47	-0.319461	4.941931	13.497093	0.002338	0.9
48	-0.339031	4.516871	13.721927	0.005374	0.9
49	-0.348125	4.123040	13.937033	0.009388	1.0
50	-0.329047	4.398695	13.785773	0.003450	0.9
51	-0.343832	5.398693	13.263560	0.009624	1.0
52	-0.325647	4.882892	13.527879	0.004500	0.9
53	-0.332663	4.367170	13.802906	0.004891	0.9
54	-0.326721	5.367151	13.279427	0.011379	1.0
55	-0.343395	4.851318	13.544402	0.009219	1.0
56	-0.318095	5.851318	13.039980	0.012997	1.0
57	-0.335072	5.336833	13.294714	0.005764	1.0
58	-0.305198	6.336312	12.808628	0.004137	1.0
59	-0.318980	5.820479	13.054974	0.005231	1.0
60	-0.334548	6.808253	12.591250	0.009574	1.1
61	-0.343860	6.292419	12.829227	0.007724	0.9
62	-0.347043	5.776586	13.076374	0.011074	0.9
63	-0.329580	5.966597	12.984236	0.009258	0.9
64	-0.316369	6.966597	12.519959	0.003112	0.9
65	-0.334678	7.810311	12.153310	0.004775	0.9
66	-0.344144	7.478866	12.294754	0.009588	0.9
67	-0.349470	7.079405	12.469661	0.008300	0.9
68	-0.332302	8.071722	12.044029	0.003358	0.9
69	-0.342933	9.058268	11.648730	0.005447	0.9
70	-0.346145	8.551921	11.848321	0.009234	0.9
71	-0.318584	8.113559	12.026721	0.009846	0.9
72	-0.343458	9.113559	11.627342	0.007317	1.0
73	-0.324069	10.111039	11.254547	0.004789	0.9
74	-0.338057	9.595267	11.444275	0.006849	1.0
75	-0.343131	9.267008	11.568393	0.005697	0.9
76	-0.329382	8.751175	11.768969	0.006433	0.9
77	-0.348166	9.751175	11.386253	0.006339	0.9
78	-0.331899	10.747497	11.028922	0.010134	1.0
79	-0.328745	11.747497	10.692135	0.004699	1.0
80	-0.338182	11.231919	10.863165	0.006231	0.9
81	-0.326028	10.738560	11.032027	0.008185	0.9
82	-0.335003	11.738556	10.695055	0.005019	1.0
83	-0.329982	12.727964	10.381316	0.005808	1.0
84	-0.335713	12.212140	10.542550	0.009332	1.0
85	-0.332315	12.870074	10.337759	0.003236	1.0
86	-0.347115	12.355656	10.497190	0.005842	1.0
87	-0.337664	13.106997	10.265948	0.008162	0.9
88	-0.327211	14.106941	9.973545	0.002395	1.0
89	-0.345403	13.887885	10.036167	0.007740	1.0
90	-0.335622	14.405351	9.889484	0.008080	0.9
91	-0.336106	13.890884	10.035305	0.006412	0.9
92	-0.343309	14.860866	9.763865	0.008551	0.9
93	-0.329962	14.345034	9.906361	0.008793	0.9
94	-0.324451	13.829200	10.053078	0.003755	0.9
95	-0.352765	13.427013	10.170521	0.009634	0.9
96	-0.337562	14.427013	9.883437	0.005817	0.9
97	-0.349877	13.911180	10.029471	0.006477	1.0
98	-0.327133	13.406359	10.176626	0.006241	0.9
99	-0.346040	14.406311	9.889216	0.007528	0.9
100	-0.351764	13.890477	10.035422	0.006731	1.0
101	-0.334412	13.374644	10.186015	0.006489	0.9
102	-0.328449	12.883480	10.333668	0.009067	0.9
103	-0.325759	12.368605	10.493116	0.005633	0.9
104	-0.328261	11.852791	10.657866	0.003621	0.9
105	-0.338277	11.337669	10.827640	0.006102	1.0
106	-0.339575	10.832389	10.999509	0.008690	0.9
107	-0.346438	11.201648	10.873377	0.007864	0.9
108	-0.342638	10.685814	11.050391	0.011091	0.9
109	-0.319109	11.685814	10.712312	0.005835	0.9
110	-0.337947	11.169981	10.884080	0.005855	0.9
111	-0.320234	10.654149	11.061446	0.007969	0.9
112	-0.335916	10.331935	11.175200	0.005206	0.9
113	-0.330145	9.816109	11.362260	0.007088	0.9
114	-0.342237	9.326839	11.545570	0.006465	0.9
115	-0.335106	8.811006	11.745349	0.005239	0.9
116	-0.352812	8.313707	11.944605	0.004739	1.0
117	-0.345583	9.125796	11.622619	0.003690	0.9
118	-0.345121	8.610124	11.825031	0.008338	0.9
119	-0.329341	9.609241	11.439051	0.007684	0.9
120	-0.322522	9.093407	11.635128	0.008486	0.9
121	-0.335790	8.577577	11.838044	0.006586	0.9
122	-0.342391	8.062305	12.047931	0.005159	1.0
123	-0.337735	9.061786	11.647367	0.005503	0.9
124	-0.349260	8.545998	11.850696	0.008167	0.9
125	-0.335230	9.545956	11.462750	0.006256	1.0
126	-0.337345	10.533191	11.103876	0.009335	0.9
127	-0.344181	11.533191	10.762567	0.006501	0.9
128	-0.350591	12.275539	10.522464	0.004927	0.9
129	-0.334820	11.762111	10.687365	0.006047	0.9
130	-0.326208	11.246278	10.858328	0.006071	0.9
131	-0.329463	12.246270	10.531727	0.005683	0.9
132	-0.342700	13.246262	10.224201	0.006216	1.0
133	-0.329356	13.271049	10.216806	0.010706	0.9
134	-0.331243	14.271049	9.927140	0.003950	0.9
135	-0.337670	13.914236	10.028593	0.007022	0.9
136	-0.324290	13.398412	10.178977	0.007314	0.9
137	-0.347599	14.398351	9.891440	0.007139	0.9
138	-0.350919	13.882528	10.037709	0.004650	0.9
139	-0.341766	13.366695	10.188371	0.006712	0.9
140	-0.337987	12.883188	10.333757	0.002240	0.9
141	-0.346091	13.368076	10.187962	0.005141	1.0
142	-0.333965	13.168683	10.247414	0.004552	0.9
143	-0.327414	14.168661	9.956042	0.007410	0.9
144	-0.334585	14.156099	9.959599	0.008083	0.9
145	-0.327376	13.640512	10.107837	0.002852	0.9
146	-0.334808	13.719196	10.084930	0.003021	0.9
147	-0.342251	14.342650	9.907029	0.006828	0.9
148	-0.323395	13.833826	10.051743	0.004194	0.9
149	-0.323786	13.320924	10.201959	0.008818	0.9
150	-0.313165	14.320923	9.913123	0.008567	0.9
151	-0.332801	15.278911	9.651355	0.004146	0.9
152	-0.336504	14.763078	9.790563	0.008252	0.8
153	-0.345411	14.326873	9.911453	0.006198	0.9
154	-0.338342	13.819558	10.055861	0.013030	0.9
155	-0.351042	13.304418	10.206868	0.010307	0.9
156	-0.320992	12.883128	10.333776	0.007535	0.9
157	-0.347877	13.883128	10.037536	0.005586	0.9
158	-0.337831	13.367302	10.188191	0.001899	0.9
159	-0.341136	12.901701	10.328115	0.008536	0.9
160	-0.350143	12.407159	10.481007	0.007824	0.9
161	-0.339770	13.407159	10.176390	0.007774	0.9
162	-0.333255	14.393043	9.892923	0.010912	1.0
163	-0.351599	15.393023	9.621093	0.010756	0.9
164	-0.346309	16.393023	9.363796	0.004687	0.9
165	-0.331519	16.003868	9.462272	0.006770	0.9
166	-0.342133	15.488034	9.596040	0.007580	0.9
167	-0.330058	14.972201	9.733645	0.005167	0.9
168	-0.368877	14.456368	9.875254	0.004055	0.9
169	-0.346783	13.940538	10.021044	0.003620	0.9
170	-0.322995	14.230895	9.938455	0.010423	0.9
171	-0.338505	13.715171	10.086099	0.008872	0.9
172	-0.350508	13.199339	10.238228	0.008795	0.9
173	-0.335706	14.199339	9.947364	0.007701	0.9
174	-0.332861	15.199339	9.672570	0.003123	0.9
175	-0.331088	15.364087	9.628748	0.009202	0.9
176	-0.327892	16.364065	9.371053	0.006307	0.9
177	-0.328336	17.364065	9.126787	0.004727	1.0
178	-0.353839	16.848233	9.251176	0.009034	0.9
179	-0.329869	16.332402	9.379001	0.007728	0.9
180	-0.340355	17.265871	9.150207	0.005748	1.0
181	-0.340278	18.265859	8.917178	0.008772	0.9
182	-0.322841	19.265859	8.695720	0.009026	0.9
183	-0.347747	20.265859	8.484996	0.004505	0.9
184	-0.349715	19.859144	8.569456	0.006949	0.9
185	-0.331705	19.470210	8.651812	0.006039	0.9
186	-0.332204	20.470209	8.443185	0.005066	0.9
187	-0.352330	19.954377	8.549529	0.006198	0.9
188	-0.356422	19.448717	8.656409	0.008488	0.9
189	-0.337028	18.932884	8.768228	0.009079	0.9
190	-0.329265	18.417051	8.882974	0.005207	0.9
191	-0.338191	17.904045	9.000109	0.005820	1.0
192	-0.329216	18.889101	8.777853	0.006493	1.0
193	-0.327372	18.387135	8.889721	0.004416	0.9
194	-0.352143	18.798529	8.797829	0.005975	0.9
195	-0.330480	19.781676	8.585735	0.006505	0.9
196	-0.326215	19.265842	8.695724	0.007413	0.9
197	-0.355301	18.750009	8.808568	0.003421	0.9
198	-0.339233	18.234203	8.924373	0.008213	0.9
199	-0.351979	19.234077	8.702589	0.009799	0.9
200	-0.356546	18.838834	8.788928	0.009355	0.9
201	-0.324492	18.323000	8.904220	0.004868	0.9
202	-0.344222	19.306923	8.686861	0.005234	0.9
203	-0.350063	18.829786	8.790925	0.007278	0.9
204	-0.334964	18.313953	8.906269	0.009631	0.9
205	-0.317567	17.798119	9.024681	0.004591	0.9
206	-0.329200	18.798116	8.797920	0.004098	0.9
207	-0.333663	18.283852	8.913094	0.007671	0.9
208	-0.343990	17.768019	9.031688	0.005024	0.9
209	-0.351421	17.344753	9.131384	0.012361	0.9
210	-0.333403	16.828935	9.255895	0.011357	0.9
211	-0.340249	17.828935	9.017519	0.007164	0.9
212	-0.333340	18.656539	8.829330	0.004733	0.9
213	-0.357746	19.655103	8.612465	0.007493	1.0
214	-0.341739	19.358579	8.675743	0.007015	0.9
215	-0.314525	18.842887	8.788034	0.003576	0.9
216	-0.346446	19.812777	8.579192	0.005820	0.9
217	-0.343108	20.517059	8.433657	0.006938	0.9
218	-0.333954	21.465710	8.245256	0.006565	0.9
219	-0.341047	22.465708	8.055561	0.005054	0.9
220	-0.338390	21.949875	8.152309	0.007444	0.9
221	-0.362065	21.434041	8.251409	0.010468	1.0
222	-0.329842	22.434041	8.061434	0.005246	0.9
223	-0.343924	23.434041	7.880009	0.008039	1.0
224	-0.334677	24.433921	7.706591	0.007324	0.9
225	-0.354008	23.920164	7.794732	0.003091	0.9
226	-0.335841	23.433641	7.880080	0.004214	0.9
227	-0.330582	22.930841	7.970270	0.004926	0.9
228	-0.345018	22.531100	8.043460	0.008031	0.9
229	-0.342864	23.529019	7.863202	0.009385	0.9
230	-0.323502	23.013185	7.955358	0.006409	0.9
231	-0.338486	24.013185	7.778624	0.007882	0.9
232	-0.342726	23.497387	7.868791	0.004808	0.9
233	-0.346990	24.497313	7.695853	0.006842	0.9
234	-0.345064	23.981491	7.784105	0.006135	0.9
235	-0.321652	23.467373	7.874102	0.004280	0.9
236	-0.330778	22.958253	7.965300	0.004978	0.9
237	-0.337743	23.840515	7.808578	0.006486	0.9
238	-0.330758	23.324844	7.899422	0.006037	0.9
239	-0.371105	24.324844	7.725137	0.009327	0.9
240	-0.350282	23.809010	7.814068	0.011692	0.9
241	-0.350505	23.293177	7.905070	0.009102	1.0
242	-0.320021	22.777346	7.998216	0.006463	0.9
243	-0.319607	23.774761	7.820045	0.003416	0.9
244	-0.325816	24.240885	7.739474	0.008965	0.9
245	-0.345271	23.727047	7.828387	0.004051	0.9
246	-0.336777	24.724012	7.657698	0.009570	0.9
247	-0.338907	24.479291	7.698903	0.006928	0.9
248	-0.341718	25.479291	7.533262	0.006177	0.9
249	-0.334405	26.479290	7.374597	0.006920	0.9
